<div>            <script src="https://cdnjs.cloudflare.com/ajax/libs/mathjax/2.7.5/MathJax.js?config=TeX-AMS-MML_SVG"></script><script type="text/javascript">if (window.MathJax && window.MathJax.Hub && window.MathJax.Hub.Config) {window.MathJax.Hub.Config({SVG: {font: "STIX-Web"}});}</script>                <script type="text/javascript">window.PlotlyConfig = {MathJaxConfig: 'local'};</script>
        <script charset="utf-8" src="https://cdn.plot.ly/plotly-2.20.0.min.js"></script>                <div id="bc4dc6f4-8f5d-44e6-b333-be4306fa0348" class="plotly-graph-div" style="height:100%; width:100%;"></div>            <script type="text/javascript">                                    window.PLOTLYENV=window.PLOTLYENV || {};                                    if (document.getElementById("bc4dc6f4-8f5d-44e6-b333-be4306fa0348")) {                    Plotly.newPlot(                        "bc4dc6f4-8f5d-44e6-b333-be4306fa0348",                        [{"x":[[-5.0,-4.75,-4.5,-4.25,-4.0,-3.75,-3.5,-3.25,-3.0,-2.75,-2.5,-2.25,-2.0,-1.75,-1.5,-1.25,-1.0,-0.75,-0.5,-0.25,0.0,0.25,0.5,0.75,1.0,1.25,1.5,1.75,2.0,2.25,2.5,2.75,3.0,3.25,3.5,3.75,4.0,4.25,4.5,4.75],[-5.0,-4.75,-4.5,-4.25,-4.0,-3.75,-3.5,-3.25,-3.0,-2.75,-2.5,-2.25,-2.0,-1.75,-1.5,-1.25,-1.0,-0.75,-0.5,-0.25,0.0,0.25,0.5,0.75,1.0,1.25,1.5,1.75,2.0,2.25,2.5,2.75,3.0,3.25,3.5,3.75,4.0,4.25,4.5,4.75],[-5.0,-4.75,-4.5,-4.25,-4.0,-3.75,-3.5,-3.25,-3.0,-2.75,-2.5,-2.25,-2.0,-1.75,-1.5,-1.25,-1.0,-0.75,-0.5,-0.25,0.0,0.25,0.5,0.75,1.0,1.25,1.5,1.75,2.0,2.25,2.5,2.75,3.0,3.25,3.5,3.75,4.0,4.25,4.5,4.75],[-5.0,-4.75,-4.5,-4.25,-4.0,-3.75,-3.5,-3.25,-3.0,-2.75,-2.5,-2.25,-2.0,-1.75,-1.5,-1.25,-1.0,-0.75,-0.5,-0.25,0.0,0.25,0.5,0.75,1.0,1.25,1.5,1.75,2.0,2.25,2.5,2.75,3.0,3.25,3.5,3.75,4.0,4.25,4.5,4.75],[-5.0,-4.75,-4.5,-4.25,-4.0,-3.75,-3.5,-3.25,-3.0,-2.75,-2.5,-2.25,-2.0,-1.75,-1.5,-1.25,-1.0,-0.75,-0.5,-0.25,0.0,0.25,0.5,0.75,1.0,1.25,1.5,1.75,2.0,2.25,2.5,2.75,3.0,3.25,3.5,3.75,4.0,4.25,4.5,4.75],[-5.0,-4.75,-4.5,-4.25,-4.0,-3.75,-3.5,-3.25,-3.0,-2.75,-2.5,-2.25,-2.0,-1.75,-1.5,-1.25,-1.0,-0.75,-0.5,-0.25,0.0,0.25,0.5,0.75,1.0,1.25,1.5,1.75,2.0,2.25,2.5,2.75,3.0,3.25,3.5,3.75,4.0,4.25,4.5,4.75],[-5.0,-4.75,-4.5,-4.25,-4.0,-3.75,-3.5,-3.25,-3.0,-2.75,-2.5,-2.25,-2.0,-1.75,-1.5,-1.25,-1.0,-0.75,-0.5,-0.25,0.0,0.25,0.5,0.75,1.0,1.25,1.5,1.75,2.0,2.25,2.5,2.75,3.0,3.25,3.5,3.75,4.0,4.25,4.5,4.75],[-5.0,-4.75,-4.5,-4.25,-4.0,-3.75,-3.5,-3.25,-3.0,-2.75,-2.5,-2.25,-2.0,-1.75,-1.5,-1.25,-1.0,-0.75,-0.5,-0.25,0.0,0.25,0.5,0.75,1.0,1.25,1.5,1.75,2.0,2.25,2.5,2.75,3.0,3.25,3.5,3.75,4.0,4.25,4.5,4.75],[-5.0,-4.75,-4.5,-4.25,-4.0,-3.75,-3.5,-3.25,-3.0,-2.75,-2.5,-2.25,-2.0,-1.75,-1.5,-1.25,-1.0,-0.75,-0.5,-0.25,0.0,0.25,0.5,0.75,1.0,1.25,1.5,1.75,2.0,2.25,2.5,2.75,3.0,3.25,3.5,3.75,4.0,4.25,4.5,4.75],[-5.0,-4.75,-4.5,-4.25,-4.0,-3.75,-3.5,-3.25,-3.0,-2.75,-2.5,-2.25,-2.0,-1.75,-1.5,-1.25,-1.0,-0.75,-0.5,-0.25,0.0,0.25,0.5,0.75,1.0,1.25,1.5,1.75,2.0,2.25,2.5,2.75,3.0,3.25,3.5,3.75,4.0,4.25,4.5,4.75],[-5.0,-4.75,-4.5,-4.25,-4.0,-3.75,-3.5,-3.25,-3.0,-2.75,-2.5,-2.25,-2.0,-1.75,-1.5,-1.25,-1.0,-0.75,-0.5,-0.25,0.0,0.25,0.5,0.75,1.0,1.25,1.5,1.75,2.0,2.25,2.5,2.75,3.0,3.25,3.5,3.75,4.0,4.25,4.5,4.75],[-5.0,-4.75,-4.5,-4.25,-4.0,-3.75,-3.5,-3.25,-3.0,-2.75,-2.5,-2.25,-2.0,-1.75,-1.5,-1.25,-1.0,-0.75,-0.5,-0.25,0.0,0.25,0.5,0.75,1.0,1.25,1.5,1.75,2.0,2.25,2.5,2.75,3.0,3.25,3.5,3.75,4.0,4.25,4.5,4.75],[-5.0,-4.75,-4.5,-4.25,-4.0,-3.75,-3.5,-3.25,-3.0,-2.75,-2.5,-2.25,-2.0,-1.75,-1.5,-1.25,-1.0,-0.75,-0.5,-0.25,0.0,0.25,0.5,0.75,1.0,1.25,1.5,1.75,2.0,2.25,2.5,2.75,3.0,3.25,3.5,3.75,4.0,4.25,4.5,4.75],[-5.0,-4.75,-4.5,-4.25,-4.0,-3.75,-3.5,-3.25,-3.0,-2.75,-2.5,-2.25,-2.0,-1.75,-1.5,-1.25,-1.0,-0.75,-0.5,-0.25,0.0,0.25,0.5,0.75,1.0,1.25,1.5,1.75,2.0,2.25,2.5,2.75,3.0,3.25,3.5,3.75,4.0,4.25,4.5,4.75],[-5.0,-4.75,-4.5,-4.25,-4.0,-3.75,-3.5,-3.25,-3.0,-2.75,-2.5,-2.25,-2.0,-1.75,-1.5,-1.25,-1.0,-0.75,-0.5,-0.25,0.0,0.25,0.5,0.75,1.0,1.25,1.5,1.75,2.0,2.25,2.5,2.75,3.0,3.25,3.5,3.75,4.0,4.25,4.5,4.75],[-5.0,-4.75,-4.5,-4.25,-4.0,-3.75,-3.5,-3.25,-3.0,-2.75,-2.5,-2.25,-2.0,-1.75,-1.5,-1.25,-1.0,-0.75,-0.5,-0.25,0.0,0.25,0.5,0.75,1.0,1.25,1.5,1.75,2.0,2.25,2.5,2.75,3.0,3.25,3.5,3.75,4.0,4.25,4.5,4.75],[-5.0,-4.75,-4.5,-4.25,-4.0,-3.75,-3.5,-3.25,-3.0,-2.75,-2.5,-2.25,-2.0,-1.75,-1.5,-1.25,-1.0,-0.75,-0.5,-0.25,0.0,0.25,0.5,0.75,1.0,1.25,1.5,1.75,2.0,2.25,2.5,2.75,3.0,3.25,3.5,3.75,4.0,4.25,4.5,4.75],[-5.0,-4.75,-4.5,-4.25,-4.0,-3.75,-3.5,-3.25,-3.0,-2.75,-2.5,-2.25,-2.0,-1.75,-1.5,-1.25,-1.0,-0.75,-0.5,-0.25,0.0,0.25,0.5,0.75,1.0,1.25,1.5,1.75,2.0,2.25,2.5,2.75,3.0,3.25,3.5,3.75,4.0,4.25,4.5,4.75],[-5.0,-4.75,-4.5,-4.25,-4.0,-3.75,-3.5,-3.25,-3.0,-2.75,-2.5,-2.25,-2.0,-1.75,-1.5,-1.25,-1.0,-0.75,-0.5,-0.25,0.0,0.25,0.5,0.75,1.0,1.25,1.5,1.75,2.0,2.25,2.5,2.75,3.0,3.25,3.5,3.75,4.0,4.25,4.5,4.75],[-5.0,-4.75,-4.5,-4.25,-4.0,-3.75,-3.5,-3.25,-3.0,-2.75,-2.5,-2.25,-2.0,-1.75,-1.5,-1.25,-1.0,-0.75,-0.5,-0.25,0.0,0.25,0.5,0.75,1.0,1.25,1.5,1.75,2.0,2.25,2.5,2.75,3.0,3.25,3.5,3.75,4.0,4.25,4.5,4.75],[-5.0,-4.75,-4.5,-4.25,-4.0,-3.75,-3.5,-3.25,-3.0,-2.75,-2.5,-2.25,-2.0,-1.75,-1.5,-1.25,-1.0,-0.75,-0.5,-0.25,0.0,0.25,0.5,0.75,1.0,1.25,1.5,1.75,2.0,2.25,2.5,2.75,3.0,3.25,3.5,3.75,4.0,4.25,4.5,4.75],[-5.0,-4.75,-4.5,-4.25,-4.0,-3.75,-3.5,-3.25,-3.0,-2.75,-2.5,-2.25,-2.0,-1.75,-1.5,-1.25,-1.0,-0.75,-0.5,-0.25,0.0,0.25,0.5,0.75,1.0,1.25,1.5,1.75,2.0,2.25,2.5,2.75,3.0,3.25,3.5,3.75,4.0,4.25,4.5,4.75],[-5.0,-4.75,-4.5,-4.25,-4.0,-3.75,-3.5,-3.25,-3.0,-2.75,-2.5,-2.25,-2.0,-1.75,-1.5,-1.25,-1.0,-0.75,-0.5,-0.25,0.0,0.25,0.5,0.75,1.0,1.25,1.5,1.75,2.0,2.25,2.5,2.75,3.0,3.25,3.5,3.75,4.0,4.25,4.5,4.75],[-5.0,-4.75,-4.5,-4.25,-4.0,-3.75,-3.5,-3.25,-3.0,-2.75,-2.5,-2.25,-2.0,-1.75,-1.5,-1.25,-1.0,-0.75,-0.5,-0.25,0.0,0.25,0.5,0.75,1.0,1.25,1.5,1.75,2.0,2.25,2.5,2.75,3.0,3.25,3.5,3.75,4.0,4.25,4.5,4.75],[-5.0,-4.75,-4.5,-4.25,-4.0,-3.75,-3.5,-3.25,-3.0,-2.75,-2.5,-2.25,-2.0,-1.75,-1.5,-1.25,-1.0,-0.75,-0.5,-0.25,0.0,0.25,0.5,0.75,1.0,1.25,1.5,1.75,2.0,2.25,2.5,2.75,3.0,3.25,3.5,3.75,4.0,4.25,4.5,4.75],[-5.0,-4.75,-4.5,-4.25,-4.0,-3.75,-3.5,-3.25,-3.0,-2.75,-2.5,-2.25,-2.0,-1.75,-1.5,-1.25,-1.0,-0.75,-0.5,-0.25,0.0,0.25,0.5,0.75,1.0,1.25,1.5,1.75,2.0,2.25,2.5,2.75,3.0,3.25,3.5,3.75,4.0,4.25,4.5,4.75],[-5.0,-4.75,-4.5,-4.25,-4.0,-3.75,-3.5,-3.25,-3.0,-2.75,-2.5,-2.25,-2.0,-1.75,-1.5,-1.25,-1.0,-0.75,-0.5,-0.25,0.0,0.25,0.5,0.75,1.0,1.25,1.5,1.75,2.0,2.25,2.5,2.75,3.0,3.25,3.5,3.75,4.0,4.25,4.5,4.75],[-5.0,-4.75,-4.5,-4.25,-4.0,-3.75,-3.5,-3.25,-3.0,-2.75,-2.5,-2.25,-2.0,-1.75,-1.5,-1.25,-1.0,-0.75,-0.5,-0.25,0.0,0.25,0.5,0.75,1.0,1.25,1.5,1.75,2.0,2.25,2.5,2.75,3.0,3.25,3.5,3.75,4.0,4.25,4.5,4.75],[-5.0,-4.75,-4.5,-4.25,-4.0,-3.75,-3.5,-3.25,-3.0,-2.75,-2.5,-2.25,-2.0,-1.75,-1.5,-1.25,-1.0,-0.75,-0.5,-0.25,0.0,0.25,0.5,0.75,1.0,1.25,1.5,1.75,2.0,2.25,2.5,2.75,3.0,3.25,3.5,3.75,4.0,4.25,4.5,4.75],[-5.0,-4.75,-4.5,-4.25,-4.0,-3.75,-3.5,-3.25,-3.0,-2.75,-2.5,-2.25,-2.0,-1.75,-1.5,-1.25,-1.0,-0.75,-0.5,-0.25,0.0,0.25,0.5,0.75,1.0,1.25,1.5,1.75,2.0,2.25,2.5,2.75,3.0,3.25,3.5,3.75,4.0,4.25,4.5,4.75],[-5.0,-4.75,-4.5,-4.25,-4.0,-3.75,-3.5,-3.25,-3.0,-2.75,-2.5,-2.25,-2.0,-1.75,-1.5,-1.25,-1.0,-0.75,-0.5,-0.25,0.0,0.25,0.5,0.75,1.0,1.25,1.5,1.75,2.0,2.25,2.5,2.75,3.0,3.25,3.5,3.75,4.0,4.25,4.5,4.75],[-5.0,-4.75,-4.5,-4.25,-4.0,-3.75,-3.5,-3.25,-3.0,-2.75,-2.5,-2.25,-2.0,-1.75,-1.5,-1.25,-1.0,-0.75,-0.5,-0.25,0.0,0.25,0.5,0.75,1.0,1.25,1.5,1.75,2.0,2.25,2.5,2.75,3.0,3.25,3.5,3.75,4.0,4.25,4.5,4.75],[-5.0,-4.75,-4.5,-4.25,-4.0,-3.75,-3.5,-3.25,-3.0,-2.75,-2.5,-2.25,-2.0,-1.75,-1.5,-1.25,-1.0,-0.75,-0.5,-0.25,0.0,0.25,0.5,0.75,1.0,1.25,1.5,1.75,2.0,2.25,2.5,2.75,3.0,3.25,3.5,3.75,4.0,4.25,4.5,4.75],[-5.0,-4.75,-4.5,-4.25,-4.0,-3.75,-3.5,-3.25,-3.0,-2.75,-2.5,-2.25,-2.0,-1.75,-1.5,-1.25,-1.0,-0.75,-0.5,-0.25,0.0,0.25,0.5,0.75,1.0,1.25,1.5,1.75,2.0,2.25,2.5,2.75,3.0,3.25,3.5,3.75,4.0,4.25,4.5,4.75],[-5.0,-4.75,-4.5,-4.25,-4.0,-3.75,-3.5,-3.25,-3.0,-2.75,-2.5,-2.25,-2.0,-1.75,-1.5,-1.25,-1.0,-0.75,-0.5,-0.25,0.0,0.25,0.5,0.75,1.0,1.25,1.5,1.75,2.0,2.25,2.5,2.75,3.0,3.25,3.5,3.75,4.0,4.25,4.5,4.75],[-5.0,-4.75,-4.5,-4.25,-4.0,-3.75,-3.5,-3.25,-3.0,-2.75,-2.5,-2.25,-2.0,-1.75,-1.5,-1.25,-1.0,-0.75,-0.5,-0.25,0.0,0.25,0.5,0.75,1.0,1.25,1.5,1.75,2.0,2.25,2.5,2.75,3.0,3.25,3.5,3.75,4.0,4.25,4.5,4.75],[-5.0,-4.75,-4.5,-4.25,-4.0,-3.75,-3.5,-3.25,-3.0,-2.75,-2.5,-2.25,-2.0,-1.75,-1.5,-1.25,-1.0,-0.75,-0.5,-0.25,0.0,0.25,0.5,0.75,1.0,1.25,1.5,1.75,2.0,2.25,2.5,2.75,3.0,3.25,3.5,3.75,4.0,4.25,4.5,4.75],[-5.0,-4.75,-4.5,-4.25,-4.0,-3.75,-3.5,-3.25,-3.0,-2.75,-2.5,-2.25,-2.0,-1.75,-1.5,-1.25,-1.0,-0.75,-0.5,-0.25,0.0,0.25,0.5,0.75,1.0,1.25,1.5,1.75,2.0,2.25,2.5,2.75,3.0,3.25,3.5,3.75,4.0,4.25,4.5,4.75],[-5.0,-4.75,-4.5,-4.25,-4.0,-3.75,-3.5,-3.25,-3.0,-2.75,-2.5,-2.25,-2.0,-1.75,-1.5,-1.25,-1.0,-0.75,-0.5,-0.25,0.0,0.25,0.5,0.75,1.0,1.25,1.5,1.75,2.0,2.25,2.5,2.75,3.0,3.25,3.5,3.75,4.0,4.25,4.5,4.75],[-5.0,-4.75,-4.5,-4.25,-4.0,-3.75,-3.5,-3.25,-3.0,-2.75,-2.5,-2.25,-2.0,-1.75,-1.5,-1.25,-1.0,-0.75,-0.5,-0.25,0.0,0.25,0.5,0.75,1.0,1.25,1.5,1.75,2.0,2.25,2.5,2.75,3.0,3.25,3.5,3.75,4.0,4.25,4.5,4.75]],"y":[[-5.0,-5.0,-5.0,-5.0,-5.0,-5.0,-5.0,-5.0,-5.0,-5.0,-5.0,-5.0,-5.0,-5.0,-5.0,-5.0,-5.0,-5.0,-5.0,-5.0,-5.0,-5.0,-5.0,-5.0,-5.0,-5.0,-5.0,-5.0,-5.0,-5.0,-5.0,-5.0,-5.0,-5.0,-5.0,-5.0,-5.0,-5.0,-5.0,-5.0],[-4.75,-4.75,-4.75,-4.75,-4.75,-4.75,-4.75,-4.75,-4.75,-4.75,-4.75,-4.75,-4.75,-4.75,-4.75,-4.75,-4.75,-4.75,-4.75,-4.75,-4.75,-4.75,-4.75,-4.75,-4.75,-4.75,-4.75,-4.75,-4.75,-4.75,-4.75,-4.75,-4.75,-4.75,-4.75,-4.75,-4.75,-4.75,-4.75,-4.75],[-4.5,-4.5,-4.5,-4.5,-4.5,-4.5,-4.5,-4.5,-4.5,-4.5,-4.5,-4.5,-4.5,-4.5,-4.5,-4.5,-4.5,-4.5,-4.5,-4.5,-4.5,-4.5,-4.5,-4.5,-4.5,-4.5,-4.5,-4.5,-4.5,-4.5,-4.5,-4.5,-4.5,-4.5,-4.5,-4.5,-4.5,-4.5,-4.5,-4.5],[-4.25,-4.25,-4.25,-4.25,-4.25,-4.25,-4.25,-4.25,-4.25,-4.25,-4.25,-4.25,-4.25,-4.25,-4.25,-4.25,-4.25,-4.25,-4.25,-4.25,-4.25,-4.25,-4.25,-4.25,-4.25,-4.25,-4.25,-4.25,-4.25,-4.25,-4.25,-4.25,-4.25,-4.25,-4.25,-4.25,-4.25,-4.25,-4.25,-4.25],[-4.0,-4.0,-4.0,-4.0,-4.0,-4.0,-4.0,-4.0,-4.0,-4.0,-4.0,-4.0,-4.0,-4.0,-4.0,-4.0,-4.0,-4.0,-4.0,-4.0,-4.0,-4.0,-4.0,-4.0,-4.0,-4.0,-4.0,-4.0,-4.0,-4.0,-4.0,-4.0,-4.0,-4.0,-4.0,-4.0,-4.0,-4.0,-4.0,-4.0],[-3.75,-3.75,-3.75,-3.75,-3.75,-3.75,-3.75,-3.75,-3.75,-3.75,-3.75,-3.75,-3.75,-3.75,-3.75,-3.75,-3.75,-3.75,-3.75,-3.75,-3.75,-3.75,-3.75,-3.75,-3.75,-3.75,-3.75,-3.75,-3.75,-3.75,-3.75,-3.75,-3.75,-3.75,-3.75,-3.75,-3.75,-3.75,-3.75,-3.75],[-3.5,-3.5,-3.5,-3.5,-3.5,-3.5,-3.5,-3.5,-3.5,-3.5,-3.5,-3.5,-3.5,-3.5,-3.5,-3.5,-3.5,-3.5,-3.5,-3.5,-3.5,-3.5,-3.5,-3.5,-3.5,-3.5,-3.5,-3.5,-3.5,-3.5,-3.5,-3.5,-3.5,-3.5,-3.5,-3.5,-3.5,-3.5,-3.5,-3.5],[-3.25,-3.25,-3.25,-3.25,-3.25,-3.25,-3.25,-3.25,-3.25,-3.25,-3.25,-3.25,-3.25,-3.25,-3.25,-3.25,-3.25,-3.25,-3.25,-3.25,-3.25,-3.25,-3.25,-3.25,-3.25,-3.25,-3.25,-3.25,-3.25,-3.25,-3.25,-3.25,-3.25,-3.25,-3.25,-3.25,-3.25,-3.25,-3.25,-3.25],[-3.0,-3.0,-3.0,-3.0,-3.0,-3.0,-3.0,-3.0,-3.0,-3.0,-3.0,-3.0,-3.0,-3.0,-3.0,-3.0,-3.0,-3.0,-3.0,-3.0,-3.0,-3.0,-3.0,-3.0,-3.0,-3.0,-3.0,-3.0,-3.0,-3.0,-3.0,-3.0,-3.0,-3.0,-3.0,-3.0,-3.0,-3.0,-3.0,-3.0],[-2.75,-2.75,-2.75,-2.75,-2.75,-2.75,-2.75,-2.75,-2.75,-2.75,-2.75,-2.75,-2.75,-2.75,-2.75,-2.75,-2.75,-2.75,-2.75,-2.75,-2.75,-2.75,-2.75,-2.75,-2.75,-2.75,-2.75,-2.75,-2.75,-2.75,-2.75,-2.75,-2.75,-2.75,-2.75,-2.75,-2.75,-2.75,-2.75,-2.75],[-2.5,-2.5,-2.5,-2.5,-2.5,-2.5,-2.5,-2.5,-2.5,-2.5,-2.5,-2.5,-2.5,-2.5,-2.5,-2.5,-2.5,-2.5,-2.5,-2.5,-2.5,-2.5,-2.5,-2.5,-2.5,-2.5,-2.5,-2.5,-2.5,-2.5,-2.5,-2.5,-2.5,-2.5,-2.5,-2.5,-2.5,-2.5,-2.5,-2.5],[-2.25,-2.25,-2.25,-2.25,-2.25,-2.25,-2.25,-2.25,-2.25,-2.25,-2.25,-2.25,-2.25,-2.25,-2.25,-2.25,-2.25,-2.25,-2.25,-2.25,-2.25,-2.25,-2.25,-2.25,-2.25,-2.25,-2.25,-2.25,-2.25,-2.25,-2.25,-2.25,-2.25,-2.25,-2.25,-2.25,-2.25,-2.25,-2.25,-2.25],[-2.0,-2.0,-2.0,-2.0,-2.0,-2.0,-2.0,-2.0,-2.0,-2.0,-2.0,-2.0,-2.0,-2.0,-2.0,-2.0,-2.0,-2.0,-2.0,-2.0,-2.0,-2.0,-2.0,-2.0,-2.0,-2.0,-2.0,-2.0,-2.0,-2.0,-2.0,-2.0,-2.0,-2.0,-2.0,-2.0,-2.0,-2.0,-2.0,-2.0],[-1.75,-1.75,-1.75,-1.75,-1.75,-1.75,-1.75,-1.75,-1.75,-1.75,-1.75,-1.75,-1.75,-1.75,-1.75,-1.75,-1.75,-1.75,-1.75,-1.75,-1.75,-1.75,-1.75,-1.75,-1.75,-1.75,-1.75,-1.75,-1.75,-1.75,-1.75,-1.75,-1.75,-1.75,-1.75,-1.75,-1.75,-1.75,-1.75,-1.75],[-1.5,-1.5,-1.5,-1.5,-1.5,-1.5,-1.5,-1.5,-1.5,-1.5,-1.5,-1.5,-1.5,-1.5,-1.5,-1.5,-1.5,-1.5,-1.5,-1.5,-1.5,-1.5,-1.5,-1.5,-1.5,-1.5,-1.5,-1.5,-1.5,-1.5,-1.5,-1.5,-1.5,-1.5,-1.5,-1.5,-1.5,-1.5,-1.5,-1.5],[-1.25,-1.25,-1.25,-1.25,-1.25,-1.25,-1.25,-1.25,-1.25,-1.25,-1.25,-1.25,-1.25,-1.25,-1.25,-1.25,-1.25,-1.25,-1.25,-1.25,-1.25,-1.25,-1.25,-1.25,-1.25,-1.25,-1.25,-1.25,-1.25,-1.25,-1.25,-1.25,-1.25,-1.25,-1.25,-1.25,-1.25,-1.25,-1.25,-1.25],[-1.0,-1.0,-1.0,-1.0,-1.0,-1.0,-1.0,-1.0,-1.0,-1.0,-1.0,-1.0,-1.0,-1.0,-1.0,-1.0,-1.0,-1.0,-1.0,-1.0,-1.0,-1.0,-1.0,-1.0,-1.0,-1.0,-1.0,-1.0,-1.0,-1.0,-1.0,-1.0,-1.0,-1.0,-1.0,-1.0,-1.0,-1.0,-1.0,-1.0],[-0.75,-0.75,-0.75,-0.75,-0.75,-0.75,-0.75,-0.75,-0.75,-0.75,-0.75,-0.75,-0.75,-0.75,-0.75,-0.75,-0.75,-0.75,-0.75,-0.75,-0.75,-0.75,-0.75,-0.75,-0.75,-0.75,-0.75,-0.75,-0.75,-0.75,-0.75,-0.75,-0.75,-0.75,-0.75,-0.75,-0.75,-0.75,-0.75,-0.75],[-0.5,-0.5,-0.5,-0.5,-0.5,-0.5,-0.5,-0.5,-0.5,-0.5,-0.5,-0.5,-0.5,-0.5,-0.5,-0.5,-0.5,-0.5,-0.5,-0.5,-0.5,-0.5,-0.5,-0.5,-0.5,-0.5,-0.5,-0.5,-0.5,-0.5,-0.5,-0.5,-0.5,-0.5,-0.5,-0.5,-0.5,-0.5,-0.5,-0.5],[-0.25,-0.25,-0.25,-0.25,-0.25,-0.25,-0.25,-0.25,-0.25,-0.25,-0.25,-0.25,-0.25,-0.25,-0.25,-0.25,-0.25,-0.25,-0.25,-0.25,-0.25,-0.25,-0.25,-0.25,-0.25,-0.25,-0.25,-0.25,-0.25,-0.25,-0.25,-0.25,-0.25,-0.25,-0.25,-0.25,-0.25,-0.25,-0.25,-0.25],[0.0,0.0,0.0,0.0,0.0,0.0,0.0,0.0,0.0,0.0,0.0,0.0,0.0,0.0,0.0,0.0,0.0,0.0,0.0,0.0,0.0,0.0,0.0,0.0,0.0,0.0,0.0,0.0,0.0,0.0,0.0,0.0,0.0,0.0,0.0,0.0,0.0,0.0,0.0,0.0],[0.25,0.25,0.25,0.25,0.25,0.25,0.25,0.25,0.25,0.25,0.25,0.25,0.25,0.25,0.25,0.25,0.25,0.25,0.25,0.25,0.25,0.25,0.25,0.25,0.25,0.25,0.25,0.25,0.25,0.25,0.25,0.25,0.25,0.25,0.25,0.25,0.25,0.25,0.25,0.25],[0.5,0.5,0.5,0.5,0.5,0.5,0.5,0.5,0.5,0.5,0.5,0.5,0.5,0.5,0.5,0.5,0.5,0.5,0.5,0.5,0.5,0.5,0.5,0.5,0.5,0.5,0.5,0.5,0.5,0.5,0.5,0.5,0.5,0.5,0.5,0.5,0.5,0.5,0.5,0.5],[0.75,0.75,0.75,0.75,0.75,0.75,0.75,0.75,0.75,0.75,0.75,0.75,0.75,0.75,0.75,0.75,0.75,0.75,0.75,0.75,0.75,0.75,0.75,0.75,0.75,0.75,0.75,0.75,0.75,0.75,0.75,0.75,0.75,0.75,0.75,0.75,0.75,0.75,0.75,0.75],[1.0,1.0,1.0,1.0,1.0,1.0,1.0,1.0,1.0,1.0,1.0,1.0,1.0,1.0,1.0,1.0,1.0,1.0,1.0,1.0,1.0,1.0,1.0,1.0,1.0,1.0,1.0,1.0,1.0,1.0,1.0,1.0,1.0,1.0,1.0,1.0,1.0,1.0,1.0,1.0],[1.25,1.25,1.25,1.25,1.25,1.25,1.25,1.25,1.25,1.25,1.25,1.25,1.25,1.25,1.25,1.25,1.25,1.25,1.25,1.25,1.25,1.25,1.25,1.25,1.25,1.25,1.25,1.25,1.25,1.25,1.25,1.25,1.25,1.25,1.25,1.25,1.25,1.25,1.25,1.25],[1.5,1.5,1.5,1.5,1.5,1.5,1.5,1.5,1.5,1.5,1.5,1.5,1.5,1.5,1.5,1.5,1.5,1.5,1.5,1.5,1.5,1.5,1.5,1.5,1.5,1.5,1.5,1.5,1.5,1.5,1.5,1.5,1.5,1.5,1.5,1.5,1.5,1.5,1.5,1.5],[1.75,1.75,1.75,1.75,1.75,1.75,1.75,1.75,1.75,1.75,1.75,1.75,1.75,1.75,1.75,1.75,1.75,1.75,1.75,1.75,1.75,1.75,1.75,1.75,1.75,1.75,1.75,1.75,1.75,1.75,1.75,1.75,1.75,1.75,1.75,1.75,1.75,1.75,1.75,1.75],[2.0,2.0,2.0,2.0,2.0,2.0,2.0,2.0,2.0,2.0,2.0,2.0,2.0,2.0,2.0,2.0,2.0,2.0,2.0,2.0,2.0,2.0,2.0,2.0,2.0,2.0,2.0,2.0,2.0,2.0,2.0,2.0,2.0,2.0,2.0,2.0,2.0,2.0,2.0,2.0],[2.25,2.25,2.25,2.25,2.25,2.25,2.25,2.25,2.25,2.25,2.25,2.25,2.25,2.25,2.25,2.25,2.25,2.25,2.25,2.25,2.25,2.25,2.25,2.25,2.25,2.25,2.25,2.25,2.25,2.25,2.25,2.25,2.25,2.25,2.25,2.25,2.25,2.25,2.25,2.25],[2.5,2.5,2.5,2.5,2.5,2.5,2.5,2.5,2.5,2.5,2.5,2.5,2.5,2.5,2.5,2.5,2.5,2.5,2.5,2.5,2.5,2.5,2.5,2.5,2.5,2.5,2.5,2.5,2.5,2.5,2.5,2.5,2.5,2.5,2.5,2.5,2.5,2.5,2.5,2.5],[2.75,2.75,2.75,2.75,2.75,2.75,2.75,2.75,2.75,2.75,2.75,2.75,2.75,2.75,2.75,2.75,2.75,2.75,2.75,2.75,2.75,2.75,2.75,2.75,2.75,2.75,2.75,2.75,2.75,2.75,2.75,2.75,2.75,2.75,2.75,2.75,2.75,2.75,2.75,2.75],[3.0,3.0,3.0,3.0,3.0,3.0,3.0,3.0,3.0,3.0,3.0,3.0,3.0,3.0,3.0,3.0,3.0,3.0,3.0,3.0,3.0,3.0,3.0,3.0,3.0,3.0,3.0,3.0,3.0,3.0,3.0,3.0,3.0,3.0,3.0,3.0,3.0,3.0,3.0,3.0],[3.25,3.25,3.25,3.25,3.25,3.25,3.25,3.25,3.25,3.25,3.25,3.25,3.25,3.25,3.25,3.25,3.25,3.25,3.25,3.25,3.25,3.25,3.25,3.25,3.25,3.25,3.25,3.25,3.25,3.25,3.25,3.25,3.25,3.25,3.25,3.25,3.25,3.25,3.25,3.25],[3.5,3.5,3.5,3.5,3.5,3.5,3.5,3.5,3.5,3.5,3.5,3.5,3.5,3.5,3.5,3.5,3.5,3.5,3.5,3.5,3.5,3.5,3.5,3.5,3.5,3.5,3.5,3.5,3.5,3.5,3.5,3.5,3.5,3.5,3.5,3.5,3.5,3.5,3.5,3.5],[3.75,3.75,3.75,3.75,3.75,3.75,3.75,3.75,3.75,3.75,3.75,3.75,3.75,3.75,3.75,3.75,3.75,3.75,3.75,3.75,3.75,3.75,3.75,3.75,3.75,3.75,3.75,3.75,3.75,3.75,3.75,3.75,3.75,3.75,3.75,3.75,3.75,3.75,3.75,3.75],[4.0,4.0,4.0,4.0,4.0,4.0,4.0,4.0,4.0,4.0,4.0,4.0,4.0,4.0,4.0,4.0,4.0,4.0,4.0,4.0,4.0,4.0,4.0,4.0,4.0,4.0,4.0,4.0,4.0,4.0,4.0,4.0,4.0,4.0,4.0,4.0,4.0,4.0,4.0,4.0],[4.25,4.25,4.25,4.25,4.25,4.25,4.25,4.25,4.25,4.25,4.25,4.25,4.25,4.25,4.25,4.25,4.25,4.25,4.25,4.25,4.25,4.25,4.25,4.25,4.25,4.25,4.25,4.25,4.25,4.25,4.25,4.25,4.25,4.25,4.25,4.25,4.25,4.25,4.25,4.25],[4.5,4.5,4.5,4.5,4.5,4.5,4.5,4.5,4.5,4.5,4.5,4.5,4.5,4.5,4.5,4.5,4.5,4.5,4.5,4.5,4.5,4.5,4.5,4.5,4.5,4.5,4.5,4.5,4.5,4.5,4.5,4.5,4.5,4.5,4.5,4.5,4.5,4.5,4.5,4.5],[4.75,4.75,4.75,4.75,4.75,4.75,4.75,4.75,4.75,4.75,4.75,4.75,4.75,4.75,4.75,4.75,4.75,4.75,4.75,4.75,4.75,4.75,4.75,4.75,4.75,4.75,4.75,4.75,4.75,4.75,4.75,4.75,4.75,4.75,4.75,4.75,4.75,4.75,4.75,4.75]],"z":[[6.3079935486632674,6.154962174897216,6.010398634322732,5.87486796142061,5.748897078944831,5.632951716812747,5.527411367307019,5.432543817014443,5.348481241239363,5.275200085250583,5.212506876983338,5.160031661064069,5.117229946912049,5.08339305373417,5.057665709747205,5.039068928641919,5.026525695313479,5.018886900501345,5.014955223658848,5.013505155976476,5.0132979349645845,5.013090696820619,5.011639549817131,5.007696480093405,5.0,4.98725922879213,4.968130633608219,4.941185892741915,4.904868131524017,4.857431834223924,4.796858476779267,4.7207341844863775,4.626065009182742,4.5089841091837695,4.364259367593021,4.184402179051288,3.9578916096804058,3.665130784659836,3.2671675385437866,2.660331096781219],[6.154962174897216,5.993917446952876,5.841174263074705,5.697377474200945,5.563149568547959,5.439065696126869,5.325624986339211,5.223219634111594,5.132103969489365,5.052366305993251,4.983906589335423,4.926422583714048,4.879406491355823,4.842152612357436,4.8137751722907325,4.793234101786354,4.779365633619019,4.7709142429955715,4.766562679416541,4.764957467192975,4.764728062856421,4.764498636427771,4.762892032401392,4.758525777487801,4.75,4.7358767932227845,4.714649852715745,4.684702033931653,4.644246555143479,4.591244372230181,4.523284658580124,4.437404944072393,4.329806877835143,4.195379461385,4.026837760109963,3.8130094275823665,3.5349391705831,3.1550435705499913,2.5736427321049247,1.0],[6.010398634322732,5.841174263074705,5.6799955365963735,5.527581834889773,5.384650052105425,5.251888965010263,5.129927840030091,5.019300403028489,4.920406360337664,4.8334737044712845,4.758525777487801,4.69535719277634,4.643522023687861,4.602336163697711,4.570893724628956,4.548095245880223,4.532683850629708,4.523284658580124,4.5184428290478955,4.516656378717475,4.516401056140407,4.516145704692125,4.514357435474001,4.509496406422648,4.5,4.484255678574295,4.4605607022281735,4.4270650133805525,4.381690443733888,4.32201393223931,4.245092374387774,4.147186848506068,4.023301496486736,3.8663525516068296,3.665518465092668,3.4024960045575128,3.0411009977866996,2.485752288675289,1.0,-2.468778373866062],[5.87486796142061,5.697377474200945,5.527581834889773,5.3662648816822145,5.2142315402426345,5.072283321984771,4.941185892741915,4.82162909872099,4.714181176351733,4.619240456583745,4.536989358356635,4.467356363635447,4.409991498724706,4.364259367593021,4.329251168802815,4.303813994842953,4.286592908483836,4.276079546795507,4.270660644746004,4.268660736471668,4.2683748822729655,4.2680889897816705,4.2660866690717185,4.260642302146838,4.25,4.232337308124892,4.205710768923771,4.167977365431046,4.116680507929517,4.048879433928507,3.960881707727557,3.847797694753866,3.702740239359712,3.5152396697015478,3.2676553939398003,2.925235571647389,2.396617050893177,1.0,-2.3728049895073324,-3.086596658584326],[5.748897078944831,5.563149568547959,5.384650052105425,5.2142315402426345,5.052774347208561,4.901184983434758,4.760365176889195,4.631170240357566,4.514357435474001,4.410527049340054,4.320061298855844,4.243068285352586,4.179339196381232,4.128326059384651,4.089144394127903,4.060600690077639,4.04124002062219,4.029405692418601,4.023301496486736,4.021047906315665,4.020725758589058,4.020403559232074,4.018146716342871,4.012008185629087,4.0,3.9800438325854492,3.9498958472777828,3.9070358418972417,3.848501131276805,3.770627072411621,3.668616960621391,3.5357725878415143,3.3619754067989636,3.130257815425998,2.8073362040007455,2.3061978393668956,1.0,-2.2744252462653756,-2.967236070199971,-3.4807617953959538],[5.632951716812747,5.439065696126869,5.251888965010263,5.072283321984771,4.901184983434758,4.73958938801572,4.588524879477466,4.4490129528184506,4.32201393223931,4.208359202097843,4.108674377077939,4.023301496486736,3.952231287549181,3.895057293132661,3.8509611363224403,3.8187325272446166,3.796820401197411,3.7834052440074024,3.7764792530273077,3.7739211571437874,3.7735554316683757,3.7731896352884506,3.770627072411621,3.763653928760462,3.75,3.7272699105850036,3.6928367617374054,3.6436808155609213,3.5761378352832365,3.4854840976529644,3.3651978964956695,3.205508091724444,2.990129597705529,2.68728590326196,2.2144622276412407,1.0,-2.1733439633598364,-2.845154380199368,-3.34390739352871,-3.766593136459332],[5.527411367307019,5.325624986339211,5.129927840030091,4.941185892741915,4.760365176889195,4.588524879477466,4.426799251282821,4.276364371917698,4.138386264571681,4.013948697750585,3.9039626608898548,3.8090648085995253,3.729517962945821,3.665130784659836,3.6152133962628454,3.578579719166127,3.5535968305862804,3.5382704852374003,3.530348335326063,3.5274206668410417,3.5270020315811363,3.526583296918341,3.523649366032446,3.515661110740198,3.5,3.4738700326906606,3.4341427276599954,3.3771134453615907,3.29810114205074,3.1907406488362544,3.0455996744598925,2.8470832990141015,2.5649639200150456,2.121389486045361,1.0,-2.0691931322858403,-2.7200609127073987,-3.203986730275367,-3.6152133962628454,-3.9852975884840407],[5.432543817014443,5.223219634111594,5.019300403028489,4.82162909872099,4.631170240357566,4.4490129528184506,4.276364371917698,4.1145280752428715,3.964861496094546,3.828706873927632,3.7072932599185022,3.6016132173128748,3.512286748872472,3.4394341732054023,3.382584679626225,3.3406436781595836,3.3119288204672754,3.2942661372639326,3.285122035210142,3.2817402895483054,3.281256613743283,3.2807727953031023,3.2773820635846125,3.2681431037073327,3.25,3.219638347819454,3.173251150048185,3.1061532309431206,3.0121038774845887,2.8819930584316844,2.7009198968869814,2.4402500191712693,2.0269782020271645,1.0,-1.9615033412811114,-2.5916025919006795,-3.0606854445796965,-3.4604388720148163,-3.8212309976920102,-4.157156086019824],[5.348481241239363,5.132103969489365,4.920406360337664,4.714181176351733,4.514357435474001,4.32201393223931,4.138386264571681,3.964861496094546,3.802952460761392,3.654242268299269,3.520290308356736,3.4024960045575128,3.3019272488946267,3.219135828949451,3.1539967743316337,3.10561331206714,3.0723168256858475,3.0517637384551595,3.0411009977866996,3.0371537085395808,3.0365889718756627,3.0360240250771597,3.0320634972534815,3.0212610043199812,3.0,2.9642753457530864,2.909323933748481,2.828977351119229,2.7144176165949068,2.55143453820909,2.313032504591371,1.9312580949448261,1.0,-1.8496590557478525,-2.459342367229364,-2.913624946881946,-3.3019272488946267,-3.6534620307889942,-3.9816871208946214,-4.293949937614281],[5.275200085250583,5.052366305993251,4.8334737044712845,4.619240456583745,4.410527049340054,4.208359202097843,4.013948697750585,3.828706873927632,3.654242268299269,3.4923301434243124,3.34483871439389,3.2135977363552595,3.100203767389693,3.005775909523397,2.930703314411288,2.8744485394724153,2.835470321683119,2.81129578076314,2.798718588825743,2.79405626935947,2.793388952336393,2.7927213163280924,2.788038900547982,2.7752495514557736,2.75,2.707330332079999,2.6410580297747237,2.542603196335258,2.3984292383896335,2.1832229353239914,1.8343084803106955,1.0,-1.7328251921072022,-2.3227268027256356,-2.7623412274042587,-3.139268089109728,-3.4816213489054944,-3.802232068158295,-4.108057227331205,-4.403286112669306],[5.212506876983338,4.983906589335423,4.758525777487801,4.536989358356635,4.320061298855844,4.108674377077939,3.9039626608898548,3.7072932599185022,3.520290308356736,3.34483871439389,3.1830483802084464,3.0371537085395808,2.909323933748481,2.8013758119636005,2.7144176165949068,2.6485039615619708,2.6024139316971007,2.5736427321049247,2.5586149734560246,2.5530336828071407,2.5522343610007314,2.55143453820909,2.545821684829744,2.5304606846471547,2.5,2.4480965362524465,2.366311745581684,2.2417392555983797,2.050782964851174,1.7362873895081354,1.0,-1.609819173909727,-2.181035335727419,-2.606253438491669,-2.971960976381565,-3.305267833734372,-3.618398607951252,-3.9179237451743494,-4.2077709494759645,-4.490463342742569],[5.160031661064069,4.926422583714048,4.69535719277634,4.467356363635447,4.243068285352586,4.023301496486736,3.8090648085995253,3.6016132173128748,3.4024960045575128,3.2135977363552595,3.0371537085395808,2.8757087099711884,2.7319757866385386,2.6085517231380835,2.507477611829424,2.4297088509581126,2.3746536891172836,2.339975405785289,2.3217610118439307,2.3149778650580553,2.3140055936857973,2.313032504591371,2.3061978393668956,2.287439406359752,2.25,2.1854061597140717,2.0812868793195687,1.9157735809838827,1.6374779050298436,1.0,-1.4788704249251792,-2.0332967535000117,-2.4446154131260505,-2.7993833676129363,-3.123866255395824,-3.4297207001990544,-3.723141423769018,-4.007797290688279,-4.286025936331401,-4.55939771592945],[5.117229946912049,4.879406491355823,4.643522023687861,4.409991498724706,4.179339196381232,3.952231287549181,3.729517962945821,3.512286748872472,3.3019272488946267,3.100203767389693,2.909323933748481,2.7319757866385386,2.571281590658235,2.430590778023206,2.313032504591371,2.2208165299821667,2.154434690031884,2.112090125071062,2.089669598190616,2.0812868793195687,2.080083823051904,2.078879373550957,2.0704088747114264,2.047061027515055,2.0,1.917191622642265,1.7784466522450315,1.5383623734159206,1.0,-1.3371203103098408,-1.8781428771105362,-2.2764371228086433,-2.6207413942088964,-2.9367547528502556,-3.2356368134801823,-3.523229834016809,-3.802952460761392,-4.076960302395813,-4.346687926719673,-4.613130019723549],[5.08339305373417,4.842152612357436,4.602336163697711,4.364259367593021,4.128326059384651,3.895057293132661,3.665130784659836,3.4394341732054023,3.219135828949451,3.005775909523397,2.8013758119636005,2.6085517231380835,2.430590778023206,2.2714007410401744,2.135187529118438,2.0257097547609733,1.9451225903703562,1.8927935695477132,1.8647589814729104,1.8542148846330946,1.8526987638551549,1.8511801576305358,1.8404794552385542,1.8107891108604353,1.75,1.6394180465424277,1.4397413051231003,1.0,-1.1794234950791334,-1.7135310004581563,-2.1003495260994547,-2.4349908433444796,-2.7430956274894043,-3.035458867948489,-3.3176169876252803,-3.5927580753265955,-3.8628652650103863,-4.129242650458151,-4.392784748373369,-4.6541259098481005],[5.057665709747205,4.8137751722907325,4.570893724628956,4.329251168802815,4.089144394127903,3.8509611363224403,3.6152133962628454,3.382584679626225,3.1539967743316337,2.930703314411288,2.7144176165949068,2.507477611829424,2.313032504591371,2.135187529118438,1.9789458048402029,1.8496590557478525,1.7516990301933621,1.6864991779263563,1.6509636244473134,1.6374779050298436,1.6355331550942949,1.6335837692718933,1.6198059006387417,1.5811758858543428,1.5,1.342921338736208,1.0,-0.9947643019740979,-1.5361584128429238,-1.914353436963816,-2.2407023732785825,-2.5417972998640534,-2.8283264129114554,-3.10561331206714,-3.3766567083469106,-3.6432884734866535,-3.906694616057786,-4.167677532514002,-4.426799251282821,-4.684464701643191],[5.039068928641919,4.793234101786354,4.548095245880223,4.303813994842953,4.060600690077639,3.8187325272446166,3.578579719166127,3.3406436781595836,3.10561331206714,2.8744485394724153,2.6485039615619708,2.4297088509581126,2.2208165299821667,2.0257097547609733,1.8496590557478525,1.6992210964648091,1.5811758858543428,1.5,1.4546619668742404,1.4372242697362076,1.4346983870792918,1.4321635789956093,1.4141632064557277,1.362840444624105,1.25,1.0,-0.75,-1.3400271027413408,-1.715303008960205,-2.03581321244618,-2.331383007454823,-2.613136181995369,-2.886375848457604,-3.1539967743316337,-3.4177239110333257,-3.6786510986430128,-3.937505249006188,-4.194787562468937,-4.450854105299957,-4.705964210432722],[5.026525695313479,4.779365633619019,4.532683850629708,4.286592908483836,4.04124002062219,3.796820401197411,3.5535968305862804,3.3119288204672754,3.0723168256858475,2.835470321683119,2.6024139316971007,2.3746536891172836,2.154434690031884,1.9451225903703562,1.7516990301933621,1.5811758858543428,1.4422495703074083,1.342921338736208,1.2856407953291176,1.2631935868021402,1.259921049894873,1.2566314238283698,1.2331060371652351,1.164252376950959,1.0,0.3605623925768521,-1.1119900452846578,-1.4976816037237732,-1.8171205928321394,-2.109752447316848,-2.3884280905175084,-2.6588584526403976,-2.924017738212866,-3.185616598508497,-3.4447093872590204,-3.7019803131732893,-3.9578916096804058,-4.21276586416768,-4.466834354240225,-4.720266715633048],[5.018886900501345,4.7709142429955715,4.523284658580124,4.276079546795507,4.029405692418601,3.7834052440074024,3.5382704852374003,3.2942661372639326,3.0517637384551595,2.81129578076314,2.5736427321049247,2.339975405785289,2.112090125071062,1.8927935695477132,1.6864991779263563,1.5,1.342921338736208,1.2262170328810043,1.1565162522956856,1.1285893588685003,1.1244853613188537,1.1203511866392912,1.0905176678637094,1.0,0.75,-0.8099029503193709,-1.25,-1.579089899414095,-1.8737028064647627,-2.1521881454515137,-2.421742535245417,-2.685842677472416,-2.946385499392223,-3.2044940112734377,-3.4608737644250778,-3.71598875832162,-3.970155484184872,-4.223596396610135,-4.476471848173472,-4.728899946360055],[5.014955223658848,4.766562679416541,4.5184428290478955,4.270660644746004,4.023301496486736,3.7764792530273077,3.530348335326063,3.285122035210142,3.0411009977866996,2.798718588825743,2.5586149734560246,2.3217610118439307,2.089669598190616,1.8647589814729104,1.6509636244473134,1.4546619668742404,1.2856407953291176,1.1565162522956856,1.077217345015942,1.044834799095308,1.040041911525952,1.0352044373557132,1.0,0.8892233261225158,0.5,-0.9390714385552681,-1.3103706971044482,-1.6178184067400911,-1.901476230380696,-2.1733439633598364,-2.438499480536657,-2.699491216431636,-2.9577408498503583,-3.214101988322794,-3.469116036907901,-3.723141423769018,-3.976423813872462,-4.229136501789533,-4.481404746557165,-4.733321003847185],[5.013505155976476,4.764957467192975,4.516656378717475,4.268660736471668,4.021047906315665,3.7739211571437874,3.5274206668410417,3.2817402895483054,3.0371537085395808,2.79405626935947,2.5530336828071407,2.3149778650580553,2.0812868793195687,1.8542148846330946,1.6374779050298436,1.4372242697362076,1.2631935868021402,1.1285893588685003,1.044834799095308,1.0103100051555476,1.0051814396472645,1.0,0.9621252828192013,0.8404938516997409,0.25,-0.9787169102922159,-1.3312685054037467,-1.6316297198359377,-1.9115068105534048,-2.181035335727419,-2.4446154131260505,-2.7044850012059,-2.961902500756058,-3.2176273302145315,-3.4721428129987513,-3.72576970116129,-3.978728224248105,-4.2311739388227085,-4.483219395521953,-4.734947734485218],[5.0132979349645845,4.764728062856421,4.516401056140407,4.2683748822729655,4.020725758589058,3.7735554316683757,3.5270020315811363,3.281256613743283,3.0365889718756627,2.793388952336393,2.5522343610007314,2.3140055936857973,2.080083823051904,1.8526987638551549,1.6355331550942949,1.4346983870792918,1.259921049894873,1.1244853613188537,1.040041911525952,1.0051814396472645,1.0,0.9947643019740979,0.9564655913861946,0.8330554629114884,0.0,-0.9841242957755434,-1.3342008243609724,-1.6335837692718933,-1.9129311827723892,-2.1821296837965103,-2.445486623254374,-2.7051968951585494,-2.9624960684073702,-3.2181303202696556,-3.472574779016271,-3.7261448667766706,-3.9790572078963917,-4.231464841122616,-4.483478511196759,-4.73518003334908],[5.013090696820619,4.764498636427771,4.516145704692125,4.2680889897816705,4.020403559232074,3.7731896352884506,3.526583296918341,3.2807727953031023,3.0360240250771597,2.7927213163280924,2.55143453820909,2.313032504591371,2.078879373550957,1.8511801576305358,1.6335837692718933,1.4321635789956093,1.2566314238283698,1.1203511866392912,1.0352044373557132,1.0,0.9947643019740979,0.9894729024201014,0.950738115190348,0.8254818122236567,-0.25,-0.9894729024201014,-1.3371203103098408,-1.6355331550942949,-1.914353436963816,-2.1832229353239914,-2.4463572130834366,-2.705908414627225,-2.9630893982987425,-3.218633153140381,-3.473006637592918,-3.726519956860418,-3.97938613715373,-4.231755703430456,-4.483737596924652,-4.735412309422902],[5.011639549817131,4.762892032401392,4.514357435474001,4.2660866690717185,4.018146716342871,3.770627072411621,3.523649366032446,3.2773820635846125,3.0320634972534815,2.788038900547982,2.545821684829744,2.3061978393668956,2.0704088747114264,1.8404794552385542,1.6198059006387417,1.4141632064557277,1.2331060371652351,1.0905176678637094,1.0,0.9621252828192013,0.9564655913861946,0.950738115190348,0.9085602964160697,0.7680792064214619,-0.5,-1.025391482425587,-1.3572088082974534,-1.64905057102537,-1.9242505656384026,-2.190845221866944,-2.4524340657620085,-2.710878606562746,-2.967236070199971,-3.222148592363412,-3.47602664488645,-3.729143475749514,-3.9816871208946214,-4.233790620960811,-4.485550359232493,-4.737037604287758],[5.007696480093405,4.758525777487801,4.509496406422648,4.260642302146838,4.012008185629087,3.763653928760462,3.515661110740198,3.2681431037073327,3.0212610043199812,2.7752495514557736,2.5304606846471547,2.287439406359752,2.047061027515055,1.8107891108604353,1.5811758858543428,1.362840444624105,1.164252376950959,1.0,0.8892233261225158,0.8404938516997409,0.8330554629114884,0.8254818122236567,0.7680792064214619,0.538608672507971,-0.75,-1.1119900452846578,-1.4089351986360592,-1.6846660252013332,-1.9506134383848561,-2.211271355458166,-2.468778373866062,-2.724278068161901,-2.9784332935452493,-3.2316520350478255,-3.4841974662707784,-3.736245911316852,-3.987919279948806,-4.239304131083241,-4.490463342742569,-4.741443506302849],[5.0,4.75,4.5,4.25,4.0,3.75,3.5,3.25,3.0,2.75,2.5,2.25,2.0,1.75,1.5,1.25,1.0,0.75,0.5,0.25,0.0,-0.25,-0.5,-0.75,-1.0,-1.25,-1.5,-1.75,-2.0,-2.25,-2.5,-2.75,-3.0,-3.25,-3.5,-3.75,-4.0,-4.25,-4.5,-4.75],[4.98725922879213,4.7358767932227845,4.484255678574295,4.232337308124892,3.9800438325854492,3.7272699105850036,3.4738700326906606,3.219638347819454,2.9642753457530864,2.707330332079999,2.4480965362524465,2.1854061597140717,1.917191622642265,1.6394180465424277,1.342921338736208,1.0,0.3605623925768521,-0.8099029503193709,-0.9390714385552681,-0.9787169102922159,-0.9841242957755434,-0.9894729024201014,-1.025391482425587,-1.1119900452846578,-1.25,-1.4270668683462153,-1.6296709787934425,-1.848135447928429,-2.0764662786676187,-2.311083866344121,-2.549833386525195,-2.791385085829212,-3.0348935002937756,-3.2798047300963264,-3.5257455291479136,-3.7724578296775273,-4.019759005544198,-4.2675170898699895,-4.515634915149263,-4.764039717272897],[4.968130633608219,4.714649852715745,4.4605607022281735,4.205710768923771,3.9498958472777828,3.6928367617374054,3.4341427276599954,3.173251150048185,2.909323933748481,2.6410580297747237,2.366311745581684,2.0812868793195687,1.7784466522450315,1.4397413051231003,1.0,-0.75,-1.1119900452846578,-1.25,-1.3103706971044482,-1.3312685054037467,-1.3342008243609724,-1.3371203103098408,-1.3572088082974534,-1.4089351986360592,-1.5,-1.6296709787934425,-1.791523935507973,-1.9776149733663004,-2.181035335727419,-2.396617050893177,-2.6207413942088964,-2.8509333149268814,-3.085502896388359,-3.3232857162702256,-3.563467983600801,-3.8054716880738413,-4.048879433928507,-4.293384907021849,-4.538759841617426,-4.784831674847119],[4.941185892741915,4.684702033931653,4.4270650133805525,4.167977365431046,3.9070358418972417,3.6436808155609213,3.3771134453615907,3.1061532309431206,2.828977351119229,2.542603196335258,2.2417392555983797,1.9157735809838827,1.5383623734159206,1.0,-0.9947643019740979,-1.3400271027413408,-1.4976816037237732,-1.579089899414095,-1.6178184067400911,-1.6316297198359377,-1.6335837692718933,-1.6355331550942949,-1.64905057102537,-1.6846660252013332,-1.75,-1.848135447928429,-1.9776149733663004,-2.1340444948908353,-2.3120585960532543,-2.5066489674822923,-2.713710552844087,-2.9300967946683034,-3.1534731155515745,-3.3821294192331597,-3.614814849969652,-3.8506098994419515,-4.088832887735737,-4.328973260779918,-4.570644425816101,-4.813550397581203],[4.904868131524017,4.644246555143479,4.381690443733888,4.116680507929517,3.848501131276805,3.5761378352832365,3.29810114205074,3.0121038774845887,2.7144176165949068,2.3984292383896335,2.050782964851174,1.6374779050298436,1.0,-1.1794234950791334,-1.5361584128429238,-1.715303008960205,-1.8171205928321394,-1.8737028064647627,-1.901476230380696,-1.9115068105534048,-1.9129311827723892,-1.914353436963816,-1.9242505656384026,-1.9506134383848561,-2.0,-2.0764662786676187,-2.181035335727419,-2.3120585960532543,-2.4662120743304703,-2.639563795775555,-2.8283264129114554,-3.029228201512307,-3.2396118012774835,-3.457391559820496,-3.6809589104771083,-3.9090819464042177,-4.140817749422853,-4.375442132187901,-4.612395678733791,-4.851243171593277],[4.857431834223924,4.591244372230181,4.32201393223931,4.048879433928507,3.770627072411621,3.4854840976529644,3.1907406488362544,2.8819930584316844,2.55143453820909,2.1832229353239914,1.7362873895081354,1.0,-1.3371203103098408,-1.7135310004581563,-1.914353436963816,-2.03581321244618,-2.109752447316848,-2.1521881454515137,-2.1733439633598364,-2.181035335727419,-2.1821296837965103,-2.1832229353239914,-2.190845221866944,-2.211271355458166,-2.25,-2.311083866344121,-2.396617050893177,-2.5066489674822923,-2.639563795775555,-2.7927213163280924,-2.9630893982987425,-3.147701354850879,-3.34390739352871,-3.5494676183725264,-3.762550541441657,-3.9816871208946214,-4.205710768923771,-4.433698721776687,-4.664921044956833,-4.898798817048147],[4.796858476779267,4.523284658580124,4.245092374387774,3.960881707727557,3.668616960621391,3.3651978964956695,3.0455996744598925,2.7009198968869814,2.313032504591371,1.8343084803106955,1.0,-1.4788704249251792,-1.8781428771105362,-2.1003495260994547,-2.2407023732785825,-2.331383007454823,-2.3884280905175084,-2.421742535245417,-2.438499480536657,-2.4446154131260505,-2.445486623254374,-2.4463572130834366,-2.4524340657620085,-2.468778373866062,-2.5,-2.549833386525195,-2.6207413942088964,-2.713710552844087,-2.8283264129114554,-2.9630893982987425,-3.115839842184876,-3.284156532719499,-3.4656503842144044,-3.6581384672930577,-3.859721314680821,-4.068796940711536,-4.284040351563169,-4.5043681863777,-4.728899946360055,-4.956921582560518],[4.7207341844863775,4.437404944072393,4.147186848506068,3.847797694753866,3.5357725878415143,3.205508091724444,2.8470832990141015,2.4402500191712693,1.9312580949448261,1.0,-1.609819173909727,-2.0332967535000117,-2.2764371228086433,-2.4349908433444796,-2.5417972998640534,-2.613136181995369,-2.6588584526403976,-2.685842677472416,-2.699491216431636,-2.7044850012059,-2.7051968951585494,-2.705908414627225,-2.710878606562746,-2.724278068161901,-2.75,-2.791385085829212,-2.8509333149268814,-2.9300967946683034,-3.029228201512307,-3.147701354850879,-3.284156532719499,-3.4367904871727957,-3.603619687486866,-3.7826773861125647,-3.9721370944386294,-4.170374477312719,-4.375986172247246,-4.587782639917529,-4.804767759802353,-5.0261133808423235],[4.626065009182742,4.329806877835143,4.023301496486736,3.702740239359712,3.3619754067989636,2.990129597705529,2.5649639200150456,2.0269782020271645,1.0,-1.7328251921072022,-2.181035335727419,-2.4446154131260505,-2.6207413942088964,-2.7430956274894043,-2.8283264129114554,-2.8863